iVar, narr, iarr, ndphi, idphi,
sigma1S_1 init, sigma1S_1 min, sigma1S_1 max,
sigma1S_2 init, sigma1S_2 min, sigma1S_2 max,
sigma2S_1 init, sigma2S_1 min, sigma2S_1 max,
sigma2S_2 init, sigma2S_2 min, sigma2S_2 max,
sigma3S_1 init, sigma3S_1 min, sigma3S_1 max,
sigma3S_2 init, sigma3S_2 min, sigma3S_2 max,
alpha1S_1 init, alpha1S_1 min, alpha1S_1 max,
alpha1S_2 init, alpha1S_2 min, alpha1S_2 max,
alpha2S_1 init, alpha2S_1 min, alpha2S_1 max,
alpha2S_2 init, alpha2S_2 min, alpha2S_2 max,
alpha3S_1 init, alpha3S_1 min, alpha3S_1 max,
alpha3S_2 init, alpha3S_2 min, alpha3S_2 max,
n1S_1 init, n1S_1 min, n1S_1 max,
n1S_2 init, n1S_2 min, n1S_2 max,
n2S_1 init, n2S_1 min, n2S_1 max,
n2S_2 init, n2S_2 min, n2S_2 max,
n3S_1 init, n3S_1 min, n3S_1 max,
n3S_2 init, n3S_2 min, n3S_2 max,
Erfmean init, Erfmean min, Erfmean max,
Erfsigma init, Erfsigma min, Erfsigma max,
Erfp0 init, Erfp0 min, Erfp0 max

0 3 0 4 0 0.05 0.03 0.18 0.05 0.03 0.18 0.05 0.03 0.18 0.05 0.03 0.18 0.05 0.02 0.15 0.05 0.02 0.15 2.0 0.7 15.0 2.0 0.7 15.0 2.0 0.7 15.0 2.0 0.7 15.0 2.0 0.7 15.0 2.0 0.7 15.0 2.0 0.7 15.0 2.0 0.7 15.0 2.0 0.7 15.0 2.0 0.7 15.0 2.0 0.7 15.0 2.0 0.7 15.0 5.0 0.0 9.0 1.0 0.0 100.0 1.0 0.0 30.0
0 3 0 4 1 0.05 0.03 0.18 0.05 0.03 0.18 0.05 0.03 0.18 0.05 0.03 0.18 0.05 0.02 0.15 0.05 0.02 0.15 2.0 0.7 15.0 2.0 0.7 15.0 2.0 0.7 15.0 2.0 0.7 15.0 2.0 0.7 15.0 2.0 0.7 15.0 2.0 0.7 15.0 2.0 0.7 15.0 2.0 0.7 15.0 2.0 0.7 15.0 2.0 0.7 15.0 2.0 0.7 15.0 5.0 0.0 9.0 1.0 0.0 100.0 1.0 0.0 30.0
0 3 0 4 2 0.05 0.03 0.18 0.05 0.03 0.18 0.05 0.03 0.18 0.05 0.03 0.18 0.05 0.02 0.15 0.05 0.02 0.15 2.0 0.7 15.0 2.0 0.7 15.0 2.0 0.7 15.0 2.0 0.7 15.0 2.0 0.7 15.0 2.0 0.7 15.0 2.0 0.7 15.0 2.0 0.7 15.0 2.0 0.7 15.0 2.0 0.7 15.0 2.0 0.7 15.0 2.0 0.7 15.0 5.0 0.0 9.0 1.0 0.0 100.0 1.0 0.0 30.0
0 3 0 4 3 0.05 0.03 0.18 0.05 0.03 0.18 0.05 0.03 0.18 0.05 0.03 0.18 0.05 0.02 0.15 0.05 0.02 0.15 2.0 0.7 15.0 2.0 0.7 15.0 2.0 0.7 15.0 2.0 0.7 15.0 2.0 0.7 15.0 2.0 0.7 15.0 2.0 0.7 15.0 2.0 0.7 15.0 2.0 0.7 15.0 2.0 0.7 15.0 2.0 0.7 15.0 2.0 0.7 15.0 5.0 0.0 9.0 1.0 0.0 100.0 1.0 0.0 30.0
0 3 1 4 0 0.05 0.03 0.18 0.05 0.03 0.18 0.05 0.03 0.18 0.05 0.03 0.18 0.05 0.02 0.15 0.05 0.02 0.15 2.0 0.7 15.0 2.0 0.7 15.0 2.0 0.7 15.0 2.0 0.7 15.0 2.0 0.7 15.0 2.0 0.7 15.0 2.0 0.7 15.0 2.0 0.7 15.0 2.0 0.7 15.0 2.0 0.7 15.0 2.0 0.7 15.0 2.0 0.7 15.0 5.0 0.0 9.0 1.0 0.0 100.0 1.0 0.0 30.0
0 3 1 4 1 0.05 0.03 0.18 0.05 0.03 0.18 0.05 0.03 0.18 0.05 0.03 0.18 0.05 0.02 0.15 0.05 0.02 0.15 2.0 0.7 15.0 2.0 0.7 15.0 2.0 0.7 15.0 2.0 0.7 15.0 2.0 0.7 15.0 2.0 0.7 15.0 2.0 0.7 15.0 2.0 0.7 15.0 2.0 0.7 15.0 2.0 0.7 15.0 2.0 0.7 15.0 2.0 0.7 15.0 5.0 0.0 9.0 1.0 0.0 100.0 1.0 0.0 30.0
0 3 1 4 2 0.05 0.03 0.18 0.05 0.03 0.18 0.05 0.03 0.18 0.05 0.03 0.18 0.05 0.02 0.15 0.05 0.02 0.15 2.0 0.7 15.0 2.0 0.7 15.0 2.0 0.7 15.0 2.0 0.7 15.0 2.0 0.7 15.0 2.0 0.7 15.0 2.0 0.7 15.0 2.0 0.7 15.0 2.0 0.7 15.0 2.0 0.7 15.0 2.0 0.7 15.0 2.0 0.7 15.0 5.0 0.0 9.0 1.0 0.0 100.0 1.0 0.0 30.0
0 3 1 4 3 0.05 0.03 0.18 0.05 0.03 0.18 0.05 0.03 0.18 0.05 0.03 0.18 0.05 0.02 0.15 0.05 0.02 0.15 2.0 0.7 15.0 2.0 0.7 15.0 2.0 0.7 15.0 2.0 0.7 15.0 2.0 0.7 15.0 2.0 0.7 15.0 2.0 0.7 15.0 2.0 0.7 15.0 2.0 0.7 15.0 2.0 0.7 15.0 2.0 0.7 15.0 2.0 0.7 15.0 5.0 0.0 9.0 1.0 0.0 100.0 1.0 0.0 30.0
1 5 0 4 0 0.05 0.03 0.18 0.05 0.03 0.18 0.05 0.03 0.18 0.05 0.03 0.18 0.05 0.02 0.15 0.05 0.02 0.15 2.0 0.7 15.0 2.0 0.7 15.0 2.0 0.7 15.0 2.0 0.7 15.0 2.0 0.7 15.0 2.0 0.7 15.0 2.0 0.7 15.0 2.0 0.7 15.0 2.0 0.7 15.0 2.0 0.7 15.0 2.0 0.7 15.0 2.0 0.7 15.0 5.0 0.0 9.0 1.0 0.0 100.0 1.0 0.0 30.0
1 5 0 4 1 0.05 0.03 0.18 0.05 0.03 0.18 0.05 0.03 0.18 0.05 0.03 0.18 0.05 0.02 0.15 0.05 0.02 0.15 2.0 0.7 15.0 2.0 0.7 15.0 2.0 0.7 15.0 2.0 0.7 15.0 2.0 0.7 15.0 2.0 0.7 15.0 2.0 0.7 15.0 2.0 0.7 15.0 2.0 0.7 15.0 2.0 0.7 15.0 2.0 0.7 15.0 2.0 0.7 15.0 5.0 0.0 9.0 1.0 0.0 100.0 1.0 0.0 30.0
1 5 0 4 2 0.05 0.03 0.18 0.05 0.03 0.18 0.05 0.03 0.18 0.05 0.03 0.18 0.05 0.02 0.15 0.05 0.02 0.15 2.0 0.7 15.0 2.0 0.7 15.0 2.0 0.7 15.0 2.0 0.7 15.0 2.0 0.7 15.0 2.0 0.7 15.0 2.0 0.7 15.0 2.0 0.7 15.0 2.0 0.7 15.0 2.0 0.7 15.0 2.0 0.7 15.0 2.0 0.7 15.0 5.0 0.0 9.0 1.0 0.0 100.0 1.0 0.0 30.0
1 5 0 4 3 0.05 0.03 0.18 0.05 0.03 0.18 0.05 0.03 0.18 0.05 0.03 0.18 0.05 0.02 0.15 0.05 0.02 0.15 2.0 0.7 15.0 2.0 0.7 15.0 2.0 0.7 15.0 2.0 0.7 15.0 2.0 0.7 15.0 2.0 0.7 15.0 2.0 0.7 15.0 2.0 0.7 15.0 2.0 0.7 15.0 2.0 0.7 15.0 2.0 0.7 15.0 2.0 0.7 15.0 5.0 0.0 9.0 1.0 0.0 100.0 1.0 0.0 30.0
1 5 1 4 0 0.05 0.03 0.18 0.05 0.03 0.18 0.05 0.03 0.18 0.05 0.03 0.18 0.05 0.02 0.15 0.05 0.02 0.15 2.0 0.7 15.0 2.0 0.7 15.0 2.0 0.7 15.0 2.0 0.7 15.0 2.0 0.7 15.0 2.0 0.7 15.0 2.0 0.7 15.0 2.0 0.7 15.0 2.0 0.7 15.0 2.0 0.7 15.0 2.0 0.7 15.0 2.0 0.7 15.0 5.0 0.0 9.0 1.0 0.0 100.0 1.0 0.0 30.0
1 5 1 4 1 0.05 0.03 0.18 0.05 0.03 0.18 0.05 0.03 0.18 0.05 0.03 0.18 0.05 0.02 0.15 0.05 0.02 0.15 2.0 0.7 15.0 2.0 0.7 15.0 2.0 0.7 15.0 2.0 0.7 15.0 2.0 0.7 15.0 2.0 0.7 15.0 2.0 0.7 15.0 2.0 0.7 15.0 2.0 0.7 15.0 2.0 0.7 15.0 2.0 0.7 15.0 2.0 0.7 15.0 5.0 0.0 9.0 1.0 0.0 100.0 1.0 0.0 30.0
1 5 1 4 2 0.05 0.03 0.18 0.05 0.03 0.18 0.05 0.03 0.18 0.05 0.03 0.18 0.05 0.02 0.15 0.05 0.02 0.15 2.0 0.7 15.0 2.0 0.7 15.0 2.0 0.7 15.0 2.0 0.7 15.0 2.0 0.7 15.0 2.0 0.7 15.0 2.0 0.7 15.0 2.0 0.7 15.0 2.0 0.7 15.0 2.0 0.7 15.0 2.0 0.7 15.0 2.0 0.7 15.0 5.0 0.0 9.0 1.0 0.0 100.0 1.0 0.0 30.0
1 5 1 4 3 0.05 0.03 0.18 0.05 0.03 0.18 0.05 0.03 0.18 0.05 0.03 0.18 0.05 0.02 0.15 0.05 0.02 0.15 2.0 0.7 15.0 2.0 0.7 15.0 2.0 0.7 15.0 2.0 0.7 15.0 2.0 0.7 15.0 2.0 0.7 15.0 2.0 0.7 15.0 2.0 0.7 15.0 2.0 0.7 15.0 2.0 0.7 15.0 2.0 0.7 15.0 2.0 0.7 15.0 5.0 0.0 9.0 1.0 0.0 100.0 1.0 0.0 30.0
1 5 2 4 0 0.05 0.03 0.18 0.05 0.03 0.18 0.05 0.03 0.18 0.05 0.03 0.18 0.05 0.02 0.15 0.05 0.02 0.15 2.0 0.7 15.0 2.0 0.7 15.0 2.0 0.7 15.0 2.0 0.7 15.0 2.0 0.7 15.0 2.0 0.7 15.0 2.0 0.7 15.0 2.0 0.7 15.0 2.0 0.7 15.0 2.0 0.7 15.0 2.0 0.7 15.0 2.0 0.7 15.0 5.0 0.0 9.0 1.0 0.0 100.0 1.0 0.0 30.0
1 5 2 4 1 0.05 0.03 0.18 0.05 0.03 0.18 0.05 0.03 0.18 0.05 0.03 0.18 0.05 0.02 0.15 0.05 0.02 0.15 2.0 0.7 15.0 2.0 0.7 15.0 2.0 0.7 15.0 2.0 0.7 15.0 2.0 0.7 15.0 2.0 0.7 15.0 2.0 0.7 15.0 2.0 0.7 15.0 2.0 0.7 15.0 2.0 0.7 15.0 2.0 0.7 15.0 2.0 0.7 15.0 5.0 0.0 9.0 1.0 0.0 100.0 1.0 0.0 30.0
1 5 2 4 2 0.05 0.03 0.18 0.05 0.03 0.18 0.05 0.03 0.18 0.05 0.03 0.18 0.05 0.02 0.15 0.05 0.02 0.15 2.0 0.7 15.0 2.0 0.7 15.0 2.0 0.7 15.0 2.0 0.7 15.0 2.0 0.7 15.0 2.0 0.7 15.0 2.0 0.7 15.0 2.0 0.7 15.0 2.0 0.7 15.0 2.0 0.7 15.0 2.0 0.7 15.0 2.0 0.7 15.0 5.0 0.0 9.0 1.0 0.0 100.0 1.0 0.0 30.0
1 5 2 4 3 0.05 0.03 0.18 0.05 0.03 0.18 0.05 0.03 0.18 0.05 0.03 0.18 0.05 0.02 0.15 0.05 0.02 0.15 2.0 0.7 15.0 2.0 0.7 15.0 2.0 0.7 15.0 2.0 0.7 15.0 2.0 0.7 15.0 2.0 0.7 15.0 2.0 0.7 15.0 2.0 0.7 15.0 2.0 0.7 15.0 2.0 0.7 15.0 2.0 0.7 15.0 2.0 0.7 15.0 5.0 0.0 9.0 1.0 0.0 100.0 1.0 0.0 30.0
1 5 3 4 0 0.05 0.03 0.18 0.05 0.03 0.18 0.05 0.03 0.18 0.05 0.03 0.18 0.05 0.02 0.15 0.05 0.02 0.15 2.0 0.7 15.0 2.0 0.7 15.0 2.0 0.7 15.0 2.0 0.7 15.0 2.0 0.7 15.0 2.0 0.7 15.0 2.0 0.7 15.0 2.0 0.7 15.0 2.0 0.7 15.0 2.0 0.7 15.0 2.0 0.7 15.0 2.0 0.7 15.0 5.0 0.0 9.0 1.0 0.0 100.0 1.0 0.0 30.0
1 5 3 4 1 0.05 0.03 0.18 0.05 0.03 0.18 0.05 0.03 0.18 0.05 0.03 0.18 0.05 0.02 0.15 0.05 0.02 0.15 2.0 0.7 15.0 2.0 0.7 15.0 2.0 0.7 15.0 2.0 0.7 15.0 2.0 0.7 15.0 2.0 0.7 15.0 2.0 0.7 15.0 2.0 0.7 15.0 2.0 0.7 15.0 2.0 0.7 15.0 2.0 0.7 15.0 2.0 0.7 15.0 5.0 0.0 9.0 1.0 0.0 100.0 1.0 0.0 30.0
1 5 3 4 2 0.05 0.03 0.18 0.05 0.03 0.18 0.05 0.03 0.18 0.05 0.03 0.18 0.05 0.02 0.15 0.05 0.02 0.15 2.0 0.7 15.0 2.0 0.7 15.0 2.0 0.7 15.0 2.0 0.7 15.0 2.0 0.7 15.0 2.0 0.7 15.0 2.0 0.7 15.0 2.0 0.7 15.0 2.0 0.7 15.0 2.0 0.7 15.0 2.0 0.7 15.0 2.0 0.7 15.0 5.0 0.0 9.0 1.0 0.0 100.0 1.0 0.0 30.0
1 5 3 4 3 0.05 0.03 0.18 0.05 0.03 0.18 0.05 0.03 0.18 0.05 0.03 0.18 0.05 0.02 0.15 0.05 0.02 0.15 2.0 0.7 15.0 2.0 0.7 15.0 2.0 0.7 15.0 2.0 0.7 15.0 2.0 0.7 15.0 2.0 0.7 15.0 2.0 0.7 15.0 2.0 0.7 15.0 2.0 0.7 15.0 2.0 0.7 15.0 2.0 0.7 15.0 2.0 0.7 15.0 5.0 0.0 9.0 1.0 0.0 100.0 1.0 0.0 30.0
2 5 0 4 0 0.05 0.03 0.18 0.05 0.03 0.18 0.05 0.03 0.18 0.05 0.03 0.18 0.05 0.02 0.15 0.05 0.02 0.15 2.0 0.7 15.0 2.0 0.7 15.0 2.0 0.7 15.0 2.0 0.7 15.0 2.0 0.7 15.0 2.0 0.7 15.0 2.0 0.7 15.0 2.0 0.7 15.0 2.0 0.7 15.0 2.0 0.7 15.0 2.0 0.7 15.0 2.0 0.7 15.0 5.0 0.0 9.0 1.0 0.0 100.0 1.0 0.0 30.0
2 5 0 4 1 0.05 0.03 0.18 0.05 0.03 0.18 0.05 0.03 0.18 0.05 0.03 0.18 0.05 0.02 0.15 0.05 0.02 0.15 2.0 0.7 15.0 2.0 0.7 15.0 2.0 0.7 15.0 2.0 0.7 15.0 2.0 0.7 15.0 2.0 0.7 15.0 2.0 0.7 15.0 2.0 0.7 15.0 2.0 0.7 15.0 2.0 0.7 15.0 2.0 0.7 15.0 2.0 0.7 15.0 5.0 0.0 9.0 1.0 0.0 100.0 1.0 0.0 30.0
2 5 0 4 2 0.05 0.03 0.18 0.05 0.03 0.18 0.05 0.03 0.18 0.05 0.03 0.18 0.05 0.02 0.15 0.05 0.02 0.15 2.0 0.7 15.0 2.0 0.7 15.0 2.0 0.7 15.0 2.0 0.7 15.0 2.0 0.7 15.0 2.0 0.7 15.0 2.0 0.7 15.0 2.0 0.7 15.0 2.0 0.7 15.0 2.0 0.7 15.0 2.0 0.7 15.0 2.0 0.7 15.0 5.0 0.0 9.0 1.0 0.0 100.0 1.0 0.0 30.0
2 5 0 4 3 0.05 0.03 0.18 0.05 0.03 0.18 0.05 0.03 0.18 0.05 0.03 0.18 0.05 0.02 0.15 0.05 0.02 0.15 2.0 0.7 15.0 2.0 0.7 15.0 2.0 0.7 15.0 2.0 0.7 15.0 2.0 0.7 15.0 2.0 0.7 15.0 2.0 0.7 15.0 2.0 0.7 15.0 2.0 0.7 15.0 2.0 0.7 15.0 2.0 0.7 15.0 2.0 0.7 15.0 5.0 0.0 9.0 1.0 0.0 100.0 1.0 0.0 30.0
2 5 1 4 0 0.05 0.03 0.18 0.05 0.03 0.18 0.05 0.03 0.18 0.05 0.03 0.18 0.05 0.02 0.15 0.05 0.02 0.15 2.0 0.7 15.0 2.0 0.7 15.0 2.0 0.7 15.0 2.0 0.7 15.0 2.0 0.7 15.0 2.0 0.7 15.0 2.0 0.7 15.0 2.0 0.7 15.0 2.0 0.7 15.0 2.0 0.7 15.0 2.0 0.7 15.0 2.0 0.7 15.0 5.0 0.0 9.0 1.0 0.0 100.0 1.0 0.0 30.0
2 5 1 4 1 0.05 0.03 0.18 0.05 0.03 0.18 0.05 0.03 0.18 0.05 0.03 0.18 0.05 0.02 0.15 0.05 0.02 0.15 2.0 0.7 15.0 2.0 0.7 15.0 2.0 0.7 15.0 2.0 0.7 15.0 2.0 0.7 15.0 2.0 0.7 15.0 2.0 0.7 15.0 2.0 0.7 15.0 2.0 0.7 15.0 2.0 0.7 15.0 2.0 0.7 15.0 2.0 0.7 15.0 5.0 0.0 9.0 1.0 0.0 100.0 1.0 0.0 30.0
2 5 1 4 2 0.05 0.03 0.18 0.05 0.03 0.18 0.05 0.03 0.18 0.05 0.03 0.18 0.05 0.02 0.15 0.05 0.02 0.15 2.0 0.7 15.0 2.0 0.7 15.0 2.0 0.7 15.0 2.0 0.7 15.0 2.0 0.7 15.0 2.0 0.7 15.0 2.0 0.7 15.0 2.0 0.7 15.0 2.0 0.7 15.0 2.0 0.7 15.0 2.0 0.7 15.0 2.0 0.7 15.0 5.0 0.0 9.0 1.0 0.0 100.0 1.0 0.0 30.0
2 5 1 4 3 0.05 0.03 0.18 0.05 0.03 0.18 0.05 0.03 0.18 0.05 0.03 0.18 0.05 0.02 0.15 0.05 0.02 0.15 2.0 0.7 15.0 2.0 0.7 15.0 2.0 0.7 15.0 2.0 0.7 15.0 2.0 0.7 15.0 2.0 0.7 15.0 2.0 0.7 15.0 2.0 0.7 15.0 2.0 0.7 15.0 2.0 0.7 15.0 2.0 0.7 15.0 2.0 0.7 15.0 5.0 0.0 9.0 1.0 0.0 100.0 1.0 0.0 30.0
2 5 2 4 0 0.05 0.03 0.18 0.05 0.03 0.18 0.05 0.03 0.18 0.05 0.03 0.18 0.05 0.02 0.15 0.05 0.02 0.15 2.0 0.7 15.0 2.0 0.7 15.0 2.0 0.7 15.0 2.0 0.7 15.0 2.0 0.7 15.0 2.0 0.7 15.0 2.0 0.7 15.0 2.0 0.7 15.0 2.0 0.7 15.0 2.0 0.7 15.0 2.0 0.7 15.0 2.0 0.7 15.0 5.0 0.0 9.0 1.0 0.0 100.0 1.0 0.0 30.0
2 5 2 4 1 0.05 0.03 0.18 0.05 0.03 0.18 0.05 0.03 0.18 0.05 0.03 0.18 0.05 0.02 0.15 0.05 0.02 0.15 2.0 0.7 15.0 2.0 0.7 15.0 2.0 0.7 15.0 2.0 0.7 15.0 2.0 0.7 15.0 2.0 0.7 15.0 2.0 0.7 15.0 2.0 0.7 15.0 2.0 0.7 15.0 2.0 0.7 15.0 2.0 0.7 15.0 2.0 0.7 15.0 5.0 0.0 9.0 1.0 0.0 100.0 1.0 0.0 30.0
2 5 2 4 2 0.05 0.03 0.18 0.05 0.03 0.18 0.05 0.03 0.18 0.05 0.03 0.18 0.05 0.02 0.15 0.05 0.02 0.15 2.0 0.7 15.0 2.0 0.7 15.0 2.0 0.7 15.0 2.0 0.7 15.0 2.0 0.7 15.0 2.0 0.7 15.0 2.0 0.7 15.0 2.0 0.7 15.0 2.0 0.7 15.0 2.0 0.7 15.0 2.0 0.7 15.0 2.0 0.7 15.0 5.0 0.0 9.0 1.0 0.0 100.0 1.0 0.0 30.0
2 5 2 4 3 0.05 0.03 0.18 0.05 0.03 0.18 0.05 0.03 0.18 0.05 0.03 0.18 0.05 0.02 0.15 0.05 0.02 0.15 2.0 0.7 15.0 2.0 0.7 15.0 2.0 0.7 15.0 2.0 0.7 15.0 2.0 0.7 15.0 2.0 0.7 15.0 2.0 0.7 15.0 2.0 0.7 15.0 2.0 0.7 15.0 2.0 0.7 15.0 2.0 0.7 15.0 2.0 0.7 15.0 5.0 0.0 9.0 1.0 0.0 100.0 1.0 0.0 30.0
2 5 3 4 0 0.05 0.03 0.18 0.05 0.03 0.18 0.05 0.03 0.18 0.05 0.03 0.18 0.05 0.02 0.15 0.05 0.02 0.15 2.0 0.7 15.0 2.0 0.7 15.0 2.0 0.7 15.0 2.0 0.7 15.0 2.0 0.7 15.0 2.0 0.7 15.0 2.0 0.7 15.0 2.0 0.7 15.0 2.0 0.7 15.0 2.0 0.7 15.0 2.0 0.7 15.0 2.0 0.7 15.0 5.0 0.0 9.0 1.0 0.0 100.0 1.0 0.0 30.0
2 5 3 4 1 0.05 0.03 0.18 0.05 0.03 0.18 0.05 0.03 0.18 0.05 0.03 0.18 0.05 0.02 0.15 0.05 0.02 0.15 2.0 0.7 15.0 2.0 0.7 15.0 2.0 0.7 15.0 2.0 0.7 15.0 2.0 0.7 15.0 2.0 0.7 15.0 2.0 0.7 15.0 2.0 0.7 15.0 2.0 0.7 15.0 2.0 0.7 15.0 2.0 0.7 15.0 2.0 0.7 15.0 5.0 0.0 9.0 1.0 0.0 100.0 1.0 0.0 30.0
2 5 3 4 2 0.05 0.03 0.18 0.05 0.03 0.18 0.05 0.03 0.18 0.05 0.03 0.18 0.05 0.02 0.15 0.05 0.02 0.15 2.0 0.7 15.0 2.0 0.7 15.0 2.0 0.7 15.0 2.0 0.7 15.0 2.0 0.7 15.0 2.0 0.7 15.0 2.0 0.7 15.0 2.0 0.7 15.0 2.0 0.7 15.0 2.0 0.7 15.0 2.0 0.7 15.0 2.0 0.7 15.0 5.0 0.0 9.0 1.0 0.0 100.0 1.0 0.0 30.0
2 5 3 4 3 0.05 0.03 0.18 0.05 0.03 0.18 0.05 0.03 0.18 0.05 0.03 0.18 0.05 0.02 0.15 0.05 0.02 0.15 2.0 0.7 15.0 2.0 0.7 15.0 2.0 0.7 15.0 2.0 0.7 15.0 2.0 0.7 15.0 2.0 0.7 15.0 2.0 0.7 15.0 2.0 0.7 15.0 2.0 0.7 15.0 2.0 0.7 15.0 2.0 0.7 15.0 2.0 0.7 15.0 5.0 0.0 9.0 1.0 0.0 100.0 1.0 0.0 30.0
